 +33 +93
 +98 +36
 6697 10467

 +72 +30
 +17 +88
 4721 5932

 +92 +36
 +22 +34
 5366 3090

 +11 +25
 +67 +15
 1127 365

 +61 +12
 +13 +59
 18418 315

 +55 +14
 +19 +76
 3878 17400

 +13 +94
 +73 +53
 6914 5358

 +74 +34
 +13 +49
 12546 13530

 +88 +46
 +53 +90
 10509 11536

 +16 +76
 +82 +21
 3620 15742

 +12 +41
 +52 +33
 17016 10722

 +15 +31
 +60 +37
 2705 13740

 +12 +55
 +84 +80
 5568 6610

 +45 +25
 +35 +59
 5285 7137

 +69 +20
 +28 +44
 3112 2768

 +48 +12
 +85 +93
 3206 1806

 +44 +27
 +21 +51
 5154 3836

 +23 +14
 +20 +44
 10236 17652

 +38 +51
 +30 +11
 5886 6587

 +60 +20
 +22 +47
 17676 7766

 +48 +55
 +85 +12
 5164 3526

 +62 +70
 +89 +12
 3096 664

 +13 +55
 +82 +20
 7667 3995

 +43 +33
 +17 +96
 5734 12447

 +29 +56
 +68 +27
 4675 4125

 +47 +15
 +13 +60
 10888 11810

 +17 +44
 +98 +71
 10614 10668

 +95 +74
 +24 +62
 8736 10226

 +86 +18
 +17 +90
 8688 8388

 +56 +33
 +27 +54
 7249 17501

 +18 +52
 +63 +18
 7839 6410

 +13 +33
 +61 +13
 3119 12195

 +54 +15
 +66 +77
 7122 5381

 +69 +38
 +17 +54
 2185 18150

 +61 +24
 +22 +58
 13984 15476

 +24 +68
 +63 +24
 11855 16140

 +45 +21
 +16 +31
 3651 1983

 +53 +15
 +29 +62
 8906 18166

 +70 +58
 +29 +95
 6373 6487

 +34 +26
 +16 +91
 2404 9321

 +49 +89
 +81 +41
 1792 2512

 +82 +27
 +20 +23
 3316 2602

 +20 +79
 +66 +52
 1454 3865

 +79 +42
 +29 +94
 3591 6074

 +39 +68
 +22 +11
 2932 3156

 +52 +23
 +27 +61
 11595 6783

 +24 +14
 +18 +47
 12950 5271

 +14 +42
 +55 +13
 15201 18155

 +25 +12
 +38 +82
 2019 3392

 +31 +72
 +84 +30
 8827 6138

 +18 +38
 +98 +57
 6944 4617

 +26 +51
 +22 +14
 11934 10846

 +41 +81
 +79 +30
 6960 6438

 +20 +54
 +63 +19
 5233 16563

 +15 +37
 +53 +21
 8459 8939

 +67 +11
 +23 +84
 947 16551

 +68 +42
 +22 +58
 6242 7808

 +24 +97
 +84 +14
 4584 5507

 +14 +50
 +59 +19
 9208 5864

 +37 +78
 +54 +17
 10672 11118

 +36 +65
 +47 +17
 207 16818

 +47 +24
 +27 +48
 4281 1856

 +54 +27
 +15 +50
 14303 5769

 +39 +41
 +99 +27
 9456 5008

 +13 +62
 +94 +27
 3377 5573

 +34 +65
 +47 +11
 11920 13132

 +30 +45
 +76 +25
 1258 730

 +58 +17
 +13 +53
 2780 1897

 +13 +98
 +30 +25
 2443 9968

 +30 +59
 +52 +15
 5314 16369

 +55 +16
 +23 +69
 1277 8221

 +12 +27
 +60 +16
 6020 18867

 +36 +75
 +90 +36
 5958 7110

 +45 +21
 +45 +97
 5040 3644

 +44 +14
 +16 +68
 10004 2606

 +33 +53
 +25 +12
 533 9616

 +87 +37
 +22 +68
 8772 5314

 +14 +62
 +72 +14
 19054 10270

 +40 +39
 +14 +83
 832 4140

 +76 +80
 +11 +48
 5284 7456

 +63 +19
 +33 +58
 5571 5572

 +41 +60
 +33 +15
 2329 14000

 +31 +86
 +38 +13
 5926 9416

 +33 +61
 +36 +13
 4871 1054

 +71 +86
 +95 +29
 3367 2443

 +87 +47
 +13 +76
 5982 8198

 +91 +38
 +23 +48
 8123 3584

 +61 +32
 +16 +46
 10211 1334

 +20 +71
 +76 +23
 17392 1534

 +84 +22
 +65 +99
 7066 3982

 +15 +41
 +52 +11
 13243 4006

 +36 +68
 +72 +12
 5724 2628

 +38 +68
 +34 +15
 3744 16860

 +74 +15
 +47 +49
 7117 4561

 +96 +35
 +15 +21
 1236 637

 +58 +19
 +26 +65
 380 18164

 +55 +28
 +17 +36
 8002 14472

 +23 +41
 +41 +19
 2418 17078

 +56 +82
 +51 +13
 3502 2044

 +16 +78
 +66 +13
 1272 15616

 +34 +18
 +18 +37
 7156 13153

 +88 +48
 +46 +80
 9162 6480

 +56 +51
 +67 +11
 10141 4884

 +14 +61
 +30 +30
 1378 4997

 +55 +11
 +23 +73
 3734 7108

 +99 +25
 +28 +35
 7751 3270

 +42 +15
 +27 +57
 15302 7793

 +17 +79
 +71 +52
 1649 2938

 +53 +41
 +15 +91
 5229 9841

 +21 +21
 +21 +87
 1890 3342

 +49 +66
 +91 +31
 616 555

 +46 +24
 +16 +51
 5908 7305

 +28 +59
 +53 +24
 6174 6872

 +16 +86
 +59 +27
 1687 2975

 +50 +99
 +32 +13
 3098 5429

 +44 +60
 +77 +17
 4235 5159

 +13 +48
 +49 +20
 5826 18352

 +28 +43
 +78 +19
 5590 3243

 +48 +18
 +29 +68
 11472 6816

 +63 +28
 +23 +46
 6956 7006

 +12 +37
 +46 +31
 11398 17303

 +36 +14
 +18 +35
 3500 17266

 +11 +39
 +75 +14
 5578 12663

 +55 +38
 +13 +31
 2291 1737

 +35 +14
 +28 +38
 13626 12206

 +78 +42
 +29 +48
 7574 5568

 +84 +24
 +11 +74
 7407 8706

 +38 +64
 +20 +11
 12392 10082

 +91 +14
 +32 +85
 8684 7582

 +57 +17
 +51 +77
 2490 2102

 +22 +54
 +20 +14
 3386 5574

 +58 +20
 +14 +36
 7586 9460

 +20 +66
 +39 +11
 714 12354

 +36 +58
 +46 +21
 12164 5166

 +35 +16
 +14 +51
 6990 19731

 +30 +11
 +19 +33
 8461 12145

 +66 +21
 +14 +43
 15364 18810

 +40 +28
 +13 +29
 8735 2747

 +12 +71
 +74 +22
 838 10319

 +66 +40
 +14 +29
 9670 8179

 +59 +21
 +33 +71
 14466 7702

 +81 +50
 +14 +45
 17862 11290

 +39 +16
 +11 +42
 16229 15390

 +53 +97
 +91 +52
 6049 5458

 +24 +20
 +18 +94
 1764 7948

 +91 +35
 +36 +45
 9950 5665

 +75 +34
 +11 +58
 15025 13510

 +15 +78
 +72 +60
 5832 11148

 +17 +55
 +70 +28
 3636 1318

 +25 +48
 +50 +29
 3950 1743

 +18 +65
 +51 +25
 2127 3065

 +14 +83
 +65 +46
 3694 5611

 +66 +46
 +13 +38
 8352 2672

 +33 +50
 +47 +20
 6379 14240

 +58 +64
 +74 +12
 7936 4508

 +73 +84
 +88 +16
 8877 7060

 +36 +21
 +21 +51
 1901 9656

 +28 +18
 +30 +83
 4744 7892

 +16 +29
 +96 +40
 4128 3462

 +72 +62
 +76 +11
 13284 7029

 +24 +87
 +51 +15
 5511 4179

 +36 +14
 +55 +78
 1016 7980

 +99 +21
 +49 +67
 3405 1911

 +57 +11
 +20 +27
 3146 1741

 +58 +17
 +23 +77
 18477 11773

 +15 +31
 +68 +44
 4453 2741

 +71 +35
 +15 +56
 17610 2916

 +42 +27
 +35 +79
 1414 1700

 +70 +12
 +66 +85
 2312 1649

 +51 +40
 +18 +99
 4569 7573

 +14 +42
 +67 +28
 6290 5408

 +50 +65
 +93 +17
 8432 3273

 +63 +21
 +17 +62
 12173 11084

 +11 +27
 +68 +51
 7337 6534

 +23 +50
 +23 +13
 17718 3429

 +37 +66
 +69 +16
 5930 6830

 +58 +84
 +62 +21
 8262 6531

 +76 +60
 +17 +62
 8799 10590

 +45 +16
 +11 +33
 15548 16389

 +12 +27
 +53 +32
 6157 16270

 +27 +99
 +91 +76
 1788 5010

 +84 +21
 +45 +72
 4965 3975

 +39 +11
 +23 +45
 2441 1815

 +40 +15
 +54 +77
 9474 11537

 +44 +20
 +23 +40
 10910 2200

 +38 +92
 +75 +37
 2788 3280

 +13 +50
 +76 +20
 11271 13750

 +26 +57
 +43 +23
 11667 3462

 +26 +51
 +61 +34
 3407 11872

 +14 +78
 +80 +14
 15164 8852

 +34 +75
 +73 +18
 6774 2070

 +26 +95
 +97 +60
 7871 5500

 +72 +31
 +23 +53
 6724 6860

 +17 +53
 +44 +35
 3915 4338

 +88 +24
 +12 +50
 1496 2464

 +50 +67
 +88 +35
 9946 5699

 +39 +57
 +97 +16
 6061 3073

 +27 +71
 +49 +17
 14016 2788

 +32 +75
 +82 +40
 4074 5135

 +95 +50
 +16 +78
 8773 5174

 +12 +29
 +92 +18
 3776 952

 +35 +12
 +14 +34
 8810 8888

 +12 +21
 +57 +27
 19382 3884

 +13 +62
 +90 +74
 4512 8020

 +31 +72
 +46 +17
 3752 12174

 +26 +14
 +16 +36
 1174 3598

 +51 +31
 +15 +87
 3363 8119

 +27 +57
 +36 +13
 3284 17864

 +88 +35
 +53 +95
 4106 3555

 +74 +35
 +11 +73
 2505 6134

 +18 +75
 +78 +18
 4866 7074

 +25 +71
 +59 +20
 18596 2944

 +53 +35
 +21 +50
 5392 4175

 +26 +74
 +59 +45
 1554 2702

 +14 +38
 +97 +70
 7838 7358

 +25 +68
 +63 +26
 3483 3514

 +73 +15
 +61 +96
 9920 10218

 +65 +67
 +98 +18
 12810 6978

 +47 +31
 +12 +26
 2945 6235

 +64 +86
 +94 +35
 9664 7142

 +75 +28
 +24 +88
 8265 9804

 +37 +41
 +76 +18
 3813 1709

 +92 +31
 +59 +73
 6437 5728

 +57 +36
 +32 +88
 1692 1272

 +38 +17
 +21 +64
 3872 2873

 +29 +15
 +31 +50
 19377 1075

 +60 +18
 +13 +62
 7418 782

 +42 +45
 +90 +27
 1320 720

 +14 +65
 +39 +18
 1613 3086

 +14 +53
 +37 +12
 16119 3376

 +11 +22
 +95 +18
 2408 516

 +47 +99
 +56 +16
 1876 2932

 +96 +23
 +16 +39
 8832 2749

 +63 +18
 +13 +32
 1537 1316

 +18 +15
 +25 +93
 3873 9939

 +17 +92
 +89 +74
 8646 14586

 +12 +39
 +56 +21
 9268 9035

 +58 +29
 +28 +58
 4842 3741

 +48 +67
 +83 +23
 6564 3591

 +25 +47
 +46 +21
 8468 3516

 +61 +37
 +19 +49
 9169 9031

 +11 +47
 +71 +62
 1043 3491

 +40 +18
 +22 +62
 5398 7066

 +49 +22
 +16 +53
 18580 14845

 +69 +46
 +12 +87
 3117 7608

 +85 +29
 +12 +75
 8276 5518

 +69 +97
 +87 +32
 9084 9429

 +19 +44
 +34 +14
 2161 2156

 +86 +55
 +43 +89
 7783 10943

 +49 +77
 +92 +34
 8989 5501

 +16 +61
 +76 +14
 5416 5239

 +31 +60
 +65 +37
 14781 15740

 +83 +58
 +19 +58
 769 1566

 +17 +43
 +67 +31
 15343 12525

 +47 +12
 +34 +79
 17124 15839

 +16 +36
 +65 +46
 1339 8902

 +12 +97
 +86 +42
 6066 3965

 +90 +16
 +58 +88
 6048 7368

 +24 +57
 +74 +41
 6890 9563

 +30 +69
 +51 +33
 4254 6918

 +83 +89
 +14 +75
 3957 9462

 +16 +82
 +65 +27
 2724 7838

 +24 +41
 +52 +22
 2088 16565

 +34 +65
 +67 +35
 5088 5445

 +66 +94
 +96 +36
 5004 4508

 +98 +44
 +38 +86
 6440 6752

 +80 +35
 +51 +72
 10762 7789

 +94 +69
 +14 +60
 1492 2388

 +18 +83
 +88 +60
 4872 8980

 +95 +45
 +65 +95
 6575 3885

 +24 +47
 +51 +27
 8633 17954

 +44 +84
 +47 +11
 5920 13864

 +12 +60
 +70 +21
 8980 2282

 +15 +44
 +68 +36
 15575 320

 +40 +16
 +23 +36
 2672 17392

 +72 +39
 +11 +43
 10891 18999

 +12 +25
 +54 +27
 1784 14271

 +33 +23
 +18 +76
 2496 6816

 +17 +66
 +96 +28
 8922 8096

 +11 +60
 +66 +24
 1452 4560

 +39 +11
 +15 +56
 14828 13652

 +62 +33
 +13 +25
 14285 6171

 +44 +73
 +98 +16
 3080 1885

 +41 +26
 +11 +23
 18714 18612

 +56 +92
 +98 +15
 2450 3295

 +71 +21
 +20 +58
 4455 15963

 +30 +59
 +47 +25
 15598 18292

 +21 +43
 +45 +24
 4626 4089

 +50 +12
 +11 +61
 3692 5088

 +14 +72
 +63 +29
 3143 4659

 +43 +12
 +30 +48
 17321 3284

 +32 +99
 +58 +18
 8178 10287

 +93 +67
 +33 +91
 4470 5506

 +15 +35
 +34 +15
 11978 7900

 +45 +61
 +79 +24
 7193 4599

 +23 +47
 +32 +12
 4145 4893

 +11 +29
 +54 +14
 3920 15864

 +14 +47
 +81 +39
 3267 19566

 +82 +94
 +87 +12
 10751 7850

 +29 +46
 +23 +12
 11446 3694

 +20 +78
 +78 +18
 12606 14870

 +51 +31
 +42 +95
 3636 2488

 +77 +21
 +76 +94
 8859 7765

 +35 +73
 +45 +15
 5150 2642

 +59 +16
 +42 +63
 6655 3095

 +86 +69
 +16 +71
 7270 9439

 +38 +99
 +82 +30
 2414 3351

 +25 +58
 +29 +16
 3938 2206

 +19 +75
 +49 +35
 4224 4000

 +39 +74
 +70 +41
 5117 6220

 +61 +27
 +13 +58
 5000 6863

 +24 +69
 +77 +62
 3918 6483

 +50 +69
 +32 +12
 3148 9686

 +11 +72
 +80 +16
 3990 18544

 +42 +61
 +39 +18
 4646 759

 +54 +13
 +19 +54
 13280 12097

 +69 +47
 +24 +56
 6291 7497

 +24 +57
 +66 +21
 8198 5258

 +64 +90
 +82 +19
 10878 8459

 +23 +64
 +64 +22
 10290 8920
