101 103 500
64 86 9 40
82 101 51 65
98 58 -52 74
63 66 -79 -35
21 89 -51 83
23 63 90 9
93 9 14 -12
97 25 40 -34
88 81 67 41
41 100 34 -63
67 88 -22 93
63 98 29 -20
95 87 53 74
81 102 -72 40
20 47 -72 90
5 44 -46 -8
27 41 -42 -75
38 96 -18 -44
37 82 88 -53
80 7 92 38
46 20 -13 89
87 66 87 -74
44 45 12 44
60 48 -76 -67
83 34 29 -85
51 8 29 -67
65 37 41 -49
89 101 -56 40
35 52 62 -16
12 80 31 79
18 30 46 80
47 29 67 41
98 43 -62 -84
19 77 -55 67
92 84 55 -71
94 89 71 -30
18 95 -33 91
64 25 9 89
59 12 -89 -4
42 18 -10 96
74 27 -28 29
76 46 54 95
63 80 -19 41
96 27 93 72
3 71 9 51
98 17 -72 -5
23 5 43 39
50 32 -51 37
48 39 6 -58
100 30 96 3
41 16 -76 90
82 99 10 -99
33 34 43 -23
66 26 19 -91
24 64 -67 -90
59 26 25 -23
9 89 -8 40
83 21 1 -4
22 47 14 61
42 88 -16 -36
71 73 -63 -12
92 43 64 95
96 15 42 4
17 34 52 -83
56 38 47 96
73 51 -85 69
34 41 -63 30
72 92 -6 -54
28 99 53 15
89 96 -44 7
13 63 -25 -12
21 30 -36 -15
71 9 -63 -56
3 4 52 91
88 35 -84 -91
55 43 -48 -23
26 60 43 8
71 8 -41 39
39 30 -26 97
54 36 -86 -41
3 40 58 -67
26 7 -20 -55
62 22 -8 -37
53 84 -50 -61
67 82 97 95
83 8 48 -39
0 56 1 36
0 76 -81 -18
40 58 -77 -19
21 12 -82 -87
92 74 -94 59
71 47 -47 -93
21 97 -17 -13
43 91 37 76
27 70 -74 -95
6 76 -43 -76
42 64 -13 1
36 68 -8 81
72 67 95 -27
85 77 -34 16
9 67 71 -25
48 48 -91 -6
4 64 29 -24
55 62 52 -30
8 62 -70 -68
26 40 -89 4
87 30 86 11
56 102 85 23
16 44 -90 -33
85 31 86 -92
70 4 -19 -31
83 14 20 46
29 66 -60 -94
69 19 83 81
97 67 -59 34
91 10 7 13
54 51 -95 -51
51 45 50 -84
90 22 -85 4
54 37 91 -32
27 84 81 -19
34 27 54 40
71 85 63 52
54 16 -63 71
5 78 -93 96
61 31 46 57
16 52 27 44
11 17 -58 -81
67 71 -57 9
46 63 15 -43
1 48 -6 -32
27 75 11 77
23 73 -45 -43
45 16 -92 21
12 75 33 -36
6 57 52 -68
7 25 -78 79
43 18 97 -81
77 69 13 17
83 102 20 91
41 18 -76 -75
88 69 35 84
60 84 -39 30
16 46 -93 18
72 91 54 -63
39 43 -89 -67
100 10 80 -13
60 92 -29 39
57 26 28 -31
43 26 -15 15
32 34 -87 -63
17 49 -73 48
65 69 -29 -56
89 81 89 -2
58 16 -66 20
7 82 14 -52
64 19 -16 -94
92 33 26 -41
63 31 79 45
49 92 91 -2
59 76 -58 -83
90 43 -18 18
1 88 27 9
91 3 -4 -84
34 97 -1 -89
14 4 -73 -12
59 49 -35 87
3 24 74 60
93 45 61 -16
41 70 -76 -70
92 90 -14 -46
0 10 96 20
90 72 -28 -34
21 54 -64 -51
62 76 96 31
91 96 -5 -73
60 23 -4 68
30 0 -45 -28
95 30 -25 -87
75 102 -82 51
11 79 12 -55
40 82 75 -97
26 5 8 91
96 63 -37 -52
39 50 -45 -42
41 6 25 21
91 68 -44 -43
18 78 69 -9
26 51 -49 -60
2 1 -87 39
95 41 -49 -83
99 102 58 -90
3 94 72 -68
82 89 76 24
22 70 -38 -96
91 12 23 21
72 17 -85 46
89 48 -2 -32
7 7 -65 -4
65 35 79 96
98 75 -18 -70
88 3 52 -6
89 3 -24 -5
53 83 51 -37
73 40 -85 3
64 93 -75 -44
68 21 -40 -26
69 33 -25 -75
54 20 -86 -92
70 78 -5 32
17 55 48 20
25 72 75 -62
20 41 -25 44
19 18 -35 -98
17 90 -1 -97
21 11 30 -21
90 55 4 35
85 4 57 74
36 19 97 -14
24 0 87 -46
23 32 84 96
32 1 8 64
53 37 6 20
26 57 -58 -9
25 76 -36 -37
83 72 -69 34
16 40 -97 -56
49 57 59 13
13 81 49 16
16 6 68 5
100 37 61 -6
100 79 55 93
18 65 71 34
25 29 -77 -39
43 43 81 43
54 39 -70 28
97 69 -64 -45
94 84 -97 24
63 18 -98 72
21 26 37 -75
8 59 -24 -43
29 53 -58 -68
48 28 50 63
0 22 -59 72
5 58 -72 -52
41 30 53 -6
55 96 -22 -7
78 50 -69 -67
88 65 -94 34
89 45 -37 -31
72 68 -78 -76
78 93 26 58
13 84 8 -28
76 24 51 -57
2 101 -80 52
35 78 78 92
33 11 21 -90
16 98 -43 92
0 35 1 54
6 45 -90 10
31 58 -72 -99
18 25 46 -5
89 76 25 8
45 40 -29 96
91 77 -69 4
7 54 -55 -28
18 95 43 32
28 79 -99 75
29 92 -18 81
70 8 -98 3
72 28 9 54
28 6 59 99
63 102 -79 31
76 32 -76 -32
59 1 63 -46
96 48 39 -50
9 77 36 85
86 47 -34 -92
2 97 -43 -89
92 51 -78 -16
63 31 19 81
3 72 68 16
45 68 -28 -91
59 90 89 -83
75 7 -66 -22
72 18 -55 47
27 64 24 1
64 55 57 -68
72 66 19 84
55 4 -60 -31
1 39 67 -94
84 22 4 -84
65 7 -44 -98
42 15 -99 -56
19 3 -55 48
9 18 -8 73
54 71 47 -43
93 77 64 76
53 43 82 45
22 0 10 47
12 40 -99 95
38 8 -67 47
47 59 -3 31
21 25 -58 63
84 87 -72 84
62 63 -57 7
94 27 -62 72
30 6 87 23
69 58 97 9
76 43 -85 -7
76 22 62 11
96 20 -53 39
97 66 68 -63
28 23 -32 57
74 24 -46 -25
34 82 78 -36
48 96 -80 26
76 71 70 -18
94 23 45 -48
47 39 -1 -75
89 59 15 -63
35 40 94 88
14 51 86 -37
71 57 -42 -86
45 41 -20 2
21 65 -46 -18
28 77 78 -1
78 101 13 -3
33 81 65 57
20 2 49 30
80 73 54 -44
25 73 -8 26
42 54 -10 -16
77 98 32 -56
26 83 21 32
30 53 72 -25
16 53 -55 9
68 75 34 60
83 77 -28 -87
17 55 61 -77
91 86 -15 66
31 47 97 11
60 14 51 98
21 40 -1 69
26 54 -9 58
71 81 -94 -95
40 26 91 -57
51 19 91 98
10 72 8 -69
34 40 -99 -35
4 94 27 57
20 76 -23 -95
37 89 -7 58
53 100 -92 23
92 56 -56 -85
38 72 -42 -52
100 16 -81 -31
57 23 -54 -14
32 75 81 84
71 61 57 -52
46 89 97 71
70 85 -26 14
80 40 4 -73
18 91 37 -69
10 61 15 65
71 34 -50 55
88 2 -48 -60
75 51 -15 -58
46 98 -47 -97
49 20 66 81
82 2 -54 37
11 83 -23 -22
100 9 61 30
88 64 -78 17
88 13 4 81
48 11 -62 -29
91 100 77 64
62 71 16 -69
29 22 12 98
7 3 55 57
53 14 12 56
30 95 -11 -79
53 32 31 1
84 47 -99 -99
99 15 49 20
83 89 -75 -62
44 77 95 -8
38 95 94 49
35 4 -20 -31
34 12 -26 -66
73 102 -88 26
58 82 28 7
89 44 4 70
82 36 48 71
44 34 21 36
88 82 86 -37
70 17 -76 -26
79 62 -69 -17
71 36 -25 2
75 14 -25 -73
6 11 -27 -89
5 25 96 -49
38 33 -18 -31
27 86 43 -36
93 34 57 -39
82 97 41 -50
50 37 -32 62
10 101 93 -29
53 45 -45 1
23 6 84 89
5 62 -5 -51
73 73 -44 -78
66 55 -26 17
41 26 84 -30
23 40 -98 39
81 63 29 -18
63 100 -84 28
76 81 79 -46
41 20 39 98
75 3 95 64
42 74 -48 24
93 48 -56 -94
32 25 15 -73
69 71 89 41
8 39 13 20
52 43 -10 -24
20 26 96 64
26 69 50 86
98 32 -37 -15
27 59 -55 -51
8 33 36 -5
13 85 -43 -12
24 23 -55 -92
52 29 47 -15
51 77 -98 -87
21 48 -71 51
34 70 59 -87
13 28 -36 -45
66 86 28 -45
37 83 -86 76
61 81 -79 -36
42 42 -7 87
62 28 3 -33
62 61 -60 -77
50 45 -92 -41
78 6 -59 63
37 15 75 11
39 76 -38 -26
82 82 64 -89
84 27 -75 97
58 56 -82 1
24 57 -99 -69
27 43 67 43
53 80 71 40
30 1 90 -11
99 73 -24 26
72 56 -55 -10
27 69 58 -39
60 36 31 35
8 99 -3 -5
13 75 -71 -95
51 86 -77 11
40 51 -73 -58
63 41 -69 19
43 74 -80 86
66 2 35 14
27 89 27 -44
46 77 -34 -38
6 80 68 -3
70 57 -9 59
39 90 6 40
79 35 35 -66
34 65 -58 86
98 54 80 -34
14 98 8 -29
94 75 -59 41
37 59 -67 -68
96 100 23 -38
38 96 99 58
70 47 -85 1
46 64 -79 52
7 10 14 65
29 43 -39 71
37 53 -90 92
64 6 38 -21
1 7 45 52
39 85 24 92
62 49 82 10
17 72 -84 -19
6 94 -37 66
54 52 96 -66
85 90 91 -20
13 84 -66 -26
7 29 82 69
82 78 67 48
90 85 -47 -27
9 37 -59 -33
83 0 29 -29
21 16 -74 -40
70 53 66 53
